[array([[ 0.27371034, -0.813981  ,  0.9906811 ,  0.01403028,  0.5205344 ,
        -0.22336012, -0.00704353, -0.5351486 , -0.9252792 ,  0.32508266,
         0.50612915,  0.04673168, -0.01447892, -0.6012078 ,  0.7970781 ,
         0.03881369,  0.08338471, -0.0631585 ,  0.8973072 ,  0.9038845 ,
        -0.7782417 ,  0.7177932 ,  0.3539423 , -0.46563217, -0.29493287,
        -0.06931442, -0.42073494, -0.6201153 ,  0.945612  ,  0.26486522,
         0.4165663 ,  0.9875098 ,  0.24838147,  0.3356386 , -0.56048906,
         0.1528987 , -0.81762457, -0.10512537,  0.42722434, -0.5032846 ,
         0.78197813, -0.86317205,  0.6232265 ,  0.8968842 , -0.71092   ,
        -0.42122895, -0.22204874, -0.56851715,  0.28213957, -0.9223847 ,
        -0.8522631 , -0.3744884 ,  0.2954351 , -0.1738339 ,  0.46088284,
        -0.00594453,  0.59161097, -0.03457851,  0.10890147,  0.9144128 ,
        -0.8493868 , -0.4122004 ,  0.55478513,  0.10430266],
       [ 0.1557857 ,  0.5370293 , -0.64024526,  0.280001  , -0.9132332 ,
         0.94687164,  0.8591998 ,  0.5873499 , -0.9243639 ,  0.14018762,
        -0.6177365 , -0.3072837 , -0.4880229 ,  0.53111744, -0.68474513,
        -0.5716628 ,  0.17730907,  0.56791973,  0.5355139 ,  0.04339889,
        -0.32328218,  0.9599494 ,  0.46780315,  0.8825733 ,  0.56252927,
        -0.8116779 ,  0.6073575 ,  0.8985759 , -0.32237798,  0.3225844 ,
         0.70861953, -0.16875197,  0.6181719 , -0.6080658 ,  0.84635776,
         0.9828039 ,  0.55739665,  0.5641743 ,  0.89104694,  0.2683998 ,
        -0.5090956 , -0.31718034, -0.3782034 , -0.7100347 ,  0.27189815,
         0.07173137,  0.8097633 , -0.88500035,  0.16939658,  0.0755872 ,
         0.41089195,  0.70844823, -0.09033062, -0.01825058,  0.7773749 ,
        -0.65164155,  0.22580421,  0.02871662,  0.94351655, -0.24773428,
        -0.27569634,  0.56781775, -0.70282906,  0.75637305],
       [ 0.51634717, -0.53781587, -0.22850688, -0.4299686 ,  0.7058548 ,
         0.3910224 , -0.4806011 , -0.20347053,  0.15763243,  0.13198914,
        -0.6735373 , -0.37090483,  0.3613939 , -0.8632083 ,  0.80610466,
        -0.42088288, -0.17139046,  0.55529743,  0.23275988,  0.44259095,
        -0.47984424, -0.41504192,  0.93645287,  0.43536332, -0.37364054,
        -0.3175348 , -0.4494368 ,  0.24090813,  0.47983125, -0.01978739,
         0.13512778, -0.7085332 , -0.78250444,  0.61092883,  0.44470838,
        -0.8362973 ,  0.5969895 , -0.14217308, -0.9428729 , -0.5970119 ,
         0.7686613 , -0.90092   ,  0.7916528 ,  0.4796069 , -0.7638387 ,
        -0.5737977 , -0.5053857 , -0.8898541 , -0.22674422,  0.05579314,
        -0.79031086,  0.13812427,  0.75417835,  0.15544035,  0.50574076,
         0.32081217,  0.16261649,  0.5490094 ,  0.2350295 ,  0.34809828,
        -0.16598924, -0.44749466, -0.8997223 , -0.88456273],
       [-0.6663825 ,  0.19313276, -0.05500508, -0.089684  ,  0.91967016,
        -0.0467203 , -0.894157  ,  0.45637506,  0.31478214, -0.58470404,
        -0.834347  ,  0.99551153, -0.72754544, -0.09264971,  0.05818318,
        -0.3609521 ,  0.06435253, -0.53937393, -0.38880247,  0.6154729 ,
        -0.3297104 , -0.11735716, -0.8751079 , -0.1673594 ,  0.30431655,
        -0.32944232,  0.2000067 , -0.30144876, -0.08772307,  0.2563956 ,
        -0.68534243, -0.08334771,  0.8092881 ,  0.53870475,  0.8593824 ,
        -0.02707581, -0.8424377 ,  0.38362893, -0.6515794 ,  0.13236065,
        -0.03856958, -0.784084  ,  0.28367484, -0.49968404,  0.08561841,
         0.8450744 , -0.810984  ,  0.99713856,  0.7991405 ,  0.96837646,
        -0.4927742 , -0.45900556,  0.18803407,  0.8412109 , -0.17129532,
        -0.16523616, -0.63981533,  0.01528806, -0.23590952,  0.14911416,
         0.3037028 ,  0.8837132 ,  0.37361047, -0.01671375],
       [-0.15151285, -0.05650433,  0.9773997 ,  0.6329889 ,  0.50659156,
         0.12963817,  0.9747233 ,  0.5383146 , -0.07741492,  0.41521415,
        -0.95519286, -0.7195776 , -0.23105149, -0.77966887, -0.11723522,
         0.14563645, -0.8381208 , -0.6797978 , -0.89531684,  0.6047407 ,
        -0.9342023 ,  0.6866774 , -0.55425066, -0.27210584, -0.0954478 ,
         0.90976226,  0.73622656,  0.56442744, -0.01596081, -0.3712949 ,
         0.28454533, -0.17292033,  0.38666165,  0.83913916,  0.8463439 ,
         0.7210799 ,  0.75322783,  0.7236077 ,  0.62688565,  0.23308675,
        -0.03789603, -0.94627684, -0.6383612 , -0.8712546 ,  0.5969421 ,
        -0.9829912 , -0.11269483, -0.249652  , -0.6404566 , -0.1133668 ,
        -0.15077212,  0.9419345 ,  0.06480698,  0.16303356, -0.35643315,
         0.2627216 , -0.79554576,  0.48573217,  0.16733266,  0.26552942,
        -0.10250831, -0.4176369 ,  0.8164894 ,  0.0725866 ],
       [-0.61216724,  0.42008445,  0.75515705,  0.52645177,  0.16883093,
         0.11892901,  0.9582445 , -0.8118683 ,  0.5436243 ,  0.19478165,
        -0.03458994, -0.7973164 ,  0.68384564,  0.0642144 , -0.48781726,
        -0.58345485, -0.7148435 , -0.39226323, -0.37178627, -0.2279343 ,
         0.7949756 ,  0.6885889 , -0.5637493 ,  0.66145074,  0.8492424 ,
         0.23505685,  0.897176  ,  0.6827902 ,  0.33728832, -0.27381676,
        -0.59889764,  0.12844709,  0.13545911,  0.500948  , -0.05707693,
         0.8869376 ,  0.6063588 ,  0.5609788 ,  0.2692749 , -0.61383486,
        -0.45262033, -0.31166625, -0.97088224,  0.29969475,  0.55532104,
         0.17181659,  0.7478743 ,  0.5026721 ,  0.12795876, -0.7161746 ,
        -0.20568907, -0.8803592 ,  0.13688509, -0.8527988 , -0.90923625,
         0.6212335 ,  0.6610366 , -0.14346296, -0.6990385 ,  0.18096563,
         0.705442  ,  0.6223342 , -0.6725432 ,  0.8195854 ],
       [ 0.23300093,  0.59348625,  0.83810645,  0.375408  , -0.48582116,
         0.7442178 ,  0.60288477,  0.31146076,  0.28320295, -0.5411082 ,
         0.8555987 ,  0.12103555, -0.07628104,  0.22979118,  0.479662  ,
        -0.44716555,  0.4386133 , -0.88931274, -0.5461242 ,  0.53858405,
        -0.5488078 ,  0.47406578, -0.6282663 , -0.365581  , -0.19214806,
        -0.97904426, -0.2070795 ,  0.43587625,  0.95464075, -0.8085313 ,
         0.432949  ,  0.09980039, -0.8134763 , -0.20311256, -0.19421907,
        -0.599144  ,  0.41665742, -0.93403095,  0.5384328 , -0.7097385 ,
        -0.7100932 ,  0.2659538 , -0.91852975,  0.33710507,  0.4748559 ,
        -0.70242107, -0.34225655, -0.4607053 , -0.6819367 , -0.97454435,
         0.5678568 ,  0.3459747 ,  0.43709347, -0.3144494 ,  0.6790265 ,
         0.14963162,  0.83398896,  0.5084378 , -0.65992236, -0.41089848,
        -0.18901144, -0.07703626, -0.12344697,  0.0637475 ],
       [-0.6219015 ,  0.05807031,  0.12690045, -0.7589488 ,  0.4189705 ,
         0.83038116,  0.905099  , -0.91936487,  0.16448097, -0.6592275 ,
         0.38352373, -0.3223663 ,  0.31102097,  0.9493124 , -0.18401003,
         0.31422392, -0.5008211 ,  0.92943996,  0.779841  , -0.73333704,
        -0.05259528, -0.9606795 ,  0.55618674, -0.3126215 , -0.9195357 ,
         0.0303562 , -0.5005809 , -0.94232416, -0.00512798, -0.18841167,
        -0.84268856,  0.4870718 , -0.23507397,  0.44179097,  0.30524126,
         0.0409704 ,  0.94378203, -0.9345812 , -0.45116648, -0.09268592,
        -0.2839713 ,  0.0189698 , -0.5680007 ,  0.5158697 , -0.26752576,
         0.88451433, -0.45380715,  0.8722108 , -0.49712926,  0.8391407 ,
         0.2286292 , -0.02858016,  0.6382305 , -0.6061823 , -0.87677884,
        -0.83262193,  0.13279964,  0.01433779,  0.60049355,  0.75177455,
         0.0774735 , -0.4702257 ,  0.01929635,  0.58613276],
       [ 0.29331186,  0.9146118 , -0.0791226 ,  0.9511718 ,  0.87488985,
         0.3935111 , -0.24624191,  0.31700662, -0.09002997, -0.17830403,
        -0.666347  ,  0.8691465 , -0.9323485 ,  0.6839626 , -0.21323328,
         0.34219822,  0.99345535, -0.78803396, -0.68197376,  0.17227991,
         0.0206828 ,  0.85160923,  0.17185517, -0.98634845, -0.95740926,
         0.29040304,  0.93414307,  0.1691349 ,  0.6250386 , -0.2825602 ,
         0.4579265 ,  0.8404442 , -0.46994033,  0.8091997 ,  0.714057  ,
         0.5958847 ,  0.00588508, -0.9396352 , -0.15428823,  0.44676003,
         0.42672223, -0.0596257 ,  0.06603268,  0.39780337,  0.8452565 ,
        -0.8421792 ,  0.6499861 ,  0.46763748,  0.62161326, -0.2521957 ,
         0.23807764, -0.3137521 ,  0.0492519 ,  0.92933404,  0.7456385 ,
        -0.83917475, -0.17546512, -0.47236225, -0.3452199 , -0.07349287,
         0.11143629,  0.39055184,  0.51188576, -0.2959726 ],
       [ 0.35605082,  0.38669035,  0.5243817 , -0.9574647 , -0.9956982 ,
        -0.6744091 ,  0.1395655 ,  0.94962895,  0.09842674, -0.03748357,
        -0.4201908 ,  0.07438682, -0.9590362 , -0.29507387,  0.6072106 ,
         0.91922796,  0.7515545 , -0.09075426, -0.7487057 , -0.71570635,
        -0.26885292, -0.99214935, -0.6723736 , -0.5431454 ,  0.32557777,
        -0.5248539 , -0.18486103, -0.45738852,  0.00571081,  0.8373214 ,
        -0.35571614, -0.8162799 ,  0.04554747, -0.26411694,  0.84095395,
        -0.97679573,  0.51038784, -0.03107606,  0.9521876 , -0.3671913 ,
         0.456884  , -0.7810906 ,  0.44597355, -0.8414073 ,  0.3471661 ,
        -0.3269499 ,  0.3489134 ,  0.24152216,  0.66398156,  0.52055186,
         0.23826389,  0.6061693 ,  0.5557305 , -0.6441115 , -0.01462561,
         0.99959624,  0.22769833, -0.01532048,  0.25983554, -0.45816064,
        -0.2294281 , -0.6486132 , -0.41977444,  0.5297322 ]],
      dtype=float32), array([-0.40091056,  0.88881165,  0.7945085 , -0.8024816 , -0.14179882,
       -0.99718916,  0.39858916, -0.24740258,  0.3710716 , -0.7339465 ,
        0.29969737, -0.3349189 , -0.03570849, -0.36995673, -0.12383869,
       -0.20357043, -0.9663012 ,  0.21091689, -0.6367234 , -0.7658136 ,
        0.6995434 ,  0.8750242 , -0.22754999,  0.7107458 , -0.8664975 ,
        0.22459032, -0.5718986 , -0.6332887 ,  0.6687421 , -0.46015468,
       -0.5122536 , -0.73546225,  0.5040374 ,  0.8927896 ,  0.7120011 ,
        0.07720435, -0.17145287,  0.72130716, -0.4579473 , -0.728611  ,
       -0.75323623,  0.81655335,  0.01019953, -0.9072721 , -0.3957521 ,
        0.422619  , -0.7851068 ,  0.01588716, -0.7311216 ,  0.87928134,
        0.15896738, -0.25646618, -0.71491057,  0.31282714, -0.7237211 ,
        0.26258677, -0.5029676 , -0.7094852 , -0.11522763, -0.1120608 ,
       -0.15880403,  0.0274501 , -0.6223807 ,  0.30487   ], dtype=float32), array([[-0.7242946 ,  0.6788712 , -0.5974661 , ..., -0.7172533 ,
        -0.39290813, -0.26694423],
       [-0.24497223, -0.00305432, -0.9932419 , ...,  0.3579548 ,
         0.654074  , -0.61452895],
       [ 0.4317016 ,  0.4982342 , -0.7498377 , ...,  0.81863934,
        -0.71941733, -0.17297733],
       ...,
       [-0.7162664 ,  0.92392397, -0.5552296 , ..., -0.9757089 ,
         0.91750467, -0.25683513],
       [ 0.43547428,  0.026968  , -0.04322043, ...,  0.7943553 ,
        -0.13374576, -0.65955764],
       [ 0.83601046, -0.44790736,  0.9021799 , ...,  0.35537222,
        -0.8416112 ,  0.00518371]], dtype=float32), array([-0.05121177, -0.7029648 ,  0.43452758,  0.9295701 , -0.549576  ,
       -0.26076815,  0.50221705,  0.9045951 , -0.32529584,  0.76334774,
        0.10648137, -0.5114325 , -0.47997692, -0.53625435, -0.94084245,
        0.39937782, -0.78286475,  0.63690287, -0.22503182, -0.6607738 ,
        0.32830575, -0.08517685, -0.08086689, -0.27773806, -0.15460335,
       -0.06530195, -0.60067433, -0.29351124, -0.02384128, -0.19835152,
        0.09517963, -0.39803928, -0.5650732 ,  0.56655174, -0.79774624,
       -0.4453837 ,  0.5805766 ,  0.02013715, -0.6833284 ,  0.18421243,
       -0.14304103,  0.5225111 ,  0.4045798 , -0.32964352, -0.86200076,
       -0.83879226, -0.01224953, -0.34642196,  0.75407237, -0.5468039 ,
        0.75725484, -0.16667946,  0.17740448, -0.03266548, -0.85546994,
        0.93247676, -0.7326457 ,  0.02169239, -0.4791396 , -0.40107   ,
       -0.0852265 ,  0.36060205, -0.289917  , -0.70384777], dtype=float32), array([[ 0.438405  , -0.37062714,  0.37334254],
       [-0.32372025, -0.8114664 , -0.46928012],
       [-0.0386306 ,  0.3629583 , -0.45807683],
       ...,
       [ 0.7400127 ,  0.47925872,  0.06307644],
       [ 0.38931093, -0.47673902,  0.508576  ],
       [-0.22559841, -0.33663914,  0.9736882 ]], dtype=float32), array([ 0.6163615 , -0.80231416, -0.00823856], dtype=float32)]
