[array([[ 6.77386522e-01, -8.13980997e-01,  9.90681112e-01,
         1.40302759e-02,  5.20534396e-01, -2.23360121e-01,
        -7.04353442e-03, -5.35148621e-01, -9.25279200e-01,
         3.25082660e-01,  5.06129146e-01, -7.98779607e-01,
         1.56880006e-01,  5.89840233e-01, -7.07052469e-01,
        -2.28413910e-01,  8.37205827e-01, -6.31584972e-02,
         8.97307217e-01,  9.03884470e-01, -7.78241694e-01,
        -2.57242352e-01,  3.53942305e-01, -4.65632170e-01,
        -2.94932872e-01,  8.03999126e-01, -4.20734942e-01,
        -6.53930604e-01,  6.26352489e-01,  1.32623538e-01,
         2.82910407e-01,  9.87509787e-01,  4.33777601e-01,
         3.35638613e-01, -5.60489058e-01, -1.94699556e-01,
        -8.17624569e-01, -1.55219272e-01,  4.27224338e-01,
         6.40004039e-01,  7.81978130e-01, -8.63172054e-01,
        -3.91298980e-01,  8.96884203e-01, -4.53884564e-02,
        -4.21228945e-01, -2.65192717e-01, -3.37852955e-01,
        -6.82328701e-01,  4.86015767e-01,  2.76191197e-02,
        -9.64882791e-01,  2.95435101e-01,  8.66623819e-01,
         7.65534639e-01, -4.21608061e-01, -3.06380093e-01,
         1.54302806e-01, -5.41277528e-01,  6.02554679e-01,
        -8.49386811e-01, -4.12200391e-01, -3.42230678e-01,
         1.04302660e-01],
       [-6.92550898e-01, -7.37713695e-01, -6.40245259e-01,
        -9.20787513e-01, -9.13233221e-01,  9.46871638e-01,
         8.59199822e-01,  5.87349892e-01, -9.24363911e-01,
         3.64774913e-01,  6.66076720e-01, -1.66224033e-01,
        -4.88022894e-01,  5.31117439e-01, -6.84745133e-01,
        -3.36414754e-01,  1.77309066e-01, -7.27914333e-01,
         4.13664967e-01,  5.83571792e-01, -3.23282182e-01,
         7.88430810e-01,  1.29792795e-01,  8.82573307e-01,
         9.54006374e-01,  1.79580376e-01,  6.07357502e-01,
        -8.37227225e-01, -3.22377980e-01,  9.53533947e-01,
         7.08619535e-01, -1.68751970e-01,  6.18171871e-01,
         8.39965343e-01,  9.68532205e-01,  5.11871159e-01,
         5.57396650e-01, -6.51350319e-01, -5.91173112e-01,
        -4.86412019e-01, -1.66315168e-01, -7.52991855e-01,
        -3.78203392e-01,  3.71770710e-01,  6.66714534e-02,
        -9.31402504e-01, -2.12473974e-01, -2.52405256e-01,
         8.53062034e-01, -1.47506595e-01,  4.28691208e-01,
         2.50765383e-01, -9.03306156e-02, -1.82505827e-02,
         7.77374923e-01, -6.51641548e-01,  2.25804210e-01,
        -3.72782946e-01,  9.43516552e-01,  5.77755272e-02,
         4.76929545e-01, -3.62288415e-01, -3.84966195e-01,
         7.56373048e-01],
       [-6.86923921e-01, -2.91774958e-01, -2.28506878e-01,
        -4.29968596e-01,  7.05854774e-01,  6.59646571e-01,
        -4.80601102e-01, -6.43778145e-01, -7.30301142e-01,
         1.31989136e-01, -8.78264084e-02, -5.33336937e-01,
         1.84828430e-01,  7.24356771e-02,  8.06104660e-01,
        -4.20882881e-01,  8.97758484e-01,  5.55297434e-01,
         2.32759878e-01,  4.42590952e-01,  6.08382583e-01,
         5.72679877e-01,  9.36452866e-01, -8.87842998e-02,
        -1.20691702e-01, -3.17534804e-01, -4.49436814e-01,
         3.31375003e-01,  4.79831249e-01,  5.67411780e-01,
         1.35127783e-01, -7.08533227e-01, -5.20813167e-01,
        -9.53552052e-02, -2.66334653e-01, -8.36297274e-01,
         5.96989512e-01, -1.42173082e-01, -9.46517706e-01,
        -5.97011924e-01,  7.68661320e-01, -3.16888392e-01,
         7.82358423e-02, -2.18376338e-01, -7.63838708e-01,
        -6.21834219e-01, -5.05385697e-01,  3.34957182e-01,
         8.25101733e-02,  8.51760507e-01, -7.90310860e-01,
         1.48407489e-01,  7.54178345e-01,  1.55440345e-01,
         5.05740762e-01,  3.20812166e-01, -9.67542350e-01,
         7.41760194e-01,  2.35029504e-01,  3.48098278e-01,
        -9.56733465e-01, -4.47494656e-01, -8.99722278e-01,
         7.72800684e-01],
       [ 8.67022455e-01, -5.56539714e-01, -7.30058312e-01,
        -8.96840021e-02,  1.65304542e-01, -4.67203036e-02,
         6.37756810e-02,  4.56375062e-01,  3.14782143e-01,
        -5.84704041e-01, -8.34347010e-01, -5.42125031e-02,
        -7.27545440e-01, -3.95071656e-02,  5.81831783e-02,
        -3.60952109e-01,  6.43525273e-02, -8.00483942e-01,
         3.82115573e-01,  6.15472913e-01, -7.75938451e-01,
        -2.76806682e-01,  3.76046509e-01, -4.39068973e-01,
         9.10527468e-01, -4.26208138e-01,  1.53165385e-01,
         4.74035293e-02, -8.77230689e-02, -1.71326205e-01,
        -6.85342431e-01, -8.33477080e-02, -6.90426707e-01,
         5.38704753e-01,  8.59382391e-01, -2.70758141e-02,
         9.81712282e-01, -9.68351185e-01, -5.66535950e-01,
        -2.52992123e-01, -3.85695845e-02,  4.48466361e-01,
         2.83674836e-01, -4.99684036e-01,  8.56184065e-02,
         8.45074415e-01, -8.10984015e-01, -1.87442422e-01,
         7.99140513e-01, -8.83006155e-01, -1.43615967e-02,
        -8.86498272e-01,  1.88034073e-01,  8.41210902e-01,
        -8.12048197e-01, -8.72567534e-01,  8.56691062e-01,
         8.18348169e-01,  6.69849575e-01,  1.49114162e-01,
         3.03702801e-01, -5.77210724e-01,  3.73610467e-01,
        -1.67137515e-02],
       [-1.51512846e-01,  1.63913816e-01,  9.77399707e-01,
        -8.92943919e-01, -1.36334553e-01,  8.08185220e-01,
        -8.56341243e-01, -4.56369072e-01, -7.74149224e-02,
         4.15214151e-01, -9.55192864e-01, -1.51036024e-01,
        -2.31051490e-01, -7.79668868e-01,  3.55124444e-01,
         1.45636454e-01, -5.12670815e-01,  3.25026333e-01,
        -8.95316839e-01,  6.39264643e-01,  1.61987975e-01,
         6.86677396e-01, -5.54250658e-01, -2.72105843e-01,
         5.80420434e-01, -4.81926322e-01, -6.24922216e-01,
         5.64427435e-01,  5.56375325e-01, -3.71294886e-01,
         2.84545332e-01,  5.68075836e-01,  3.86661649e-01,
        -7.21241117e-01,  8.46343875e-01,  7.21079886e-01,
         7.53227830e-01,  2.39364326e-01,  6.75804257e-01,
         2.33086750e-01, -3.78960334e-02, -9.63884890e-01,
        -6.38361216e-01, -8.71254623e-01,  5.96942127e-01,
        -6.12626851e-01, -1.12694830e-01,  2.72088408e-01,
         3.66001688e-02,  5.25784671e-01, -1.50772125e-01,
         9.46693495e-02, -4.75378573e-01,  1.63033560e-01,
        -3.56433153e-01,  7.50438690e-01, -7.95545757e-01,
         4.85732168e-01, -5.02709448e-01,  2.65529424e-01,
         9.01164591e-01,  7.33405828e-01,  8.16489398e-01,
         7.25866035e-02],
       [ 8.44990849e-01,  3.75252634e-01,  6.90835834e-01,
         4.39736873e-01,  1.68830931e-01,  1.18929014e-01,
         9.58244503e-01,  6.15057349e-01,  2.55882204e-01,
         1.94781646e-01,  9.87976313e-01, -7.97316372e-01,
         6.83845639e-01,  8.07542920e-01, -4.87817258e-01,
        -3.13927472e-01, -6.58950731e-02,  7.54284084e-01,
         6.63590878e-02, -2.27934301e-01,  7.94975579e-01,
        -1.12021945e-01, -8.50551128e-01, -4.30327535e-01,
         8.49242389e-01,  2.35056847e-01, -6.29820824e-02,
         5.04862964e-01,  3.37288320e-01, -5.68096459e-01,
        -5.98897636e-01, -9.24520195e-02,  1.35459110e-01,
        -1.88101232e-01,  2.93595612e-01,  8.86937618e-01,
        -3.88973176e-01,  5.60978770e-01,  2.69274890e-01,
        -7.87034392e-01, -4.52620327e-01, -4.67407763e-01,
        -9.70882237e-01, -8.27026010e-01,  5.55321038e-01,
         1.71816587e-01,  2.24771677e-04, -8.05787504e-01,
         1.27958760e-01,  1.18709467e-01, -8.80958974e-01,
        -9.33036745e-01,  1.36885092e-01, -2.01945975e-01,
        -9.09236252e-01,  6.21233523e-01, -4.54719394e-01,
        -1.43462956e-01, -6.99038506e-01, -1.16580598e-01,
         6.05957247e-02,  6.22334182e-01, -6.72543228e-01,
         2.44905189e-01],
       [ 7.93634832e-01,  4.59189028e-01,  8.38106453e-01,
         3.75407994e-01, -4.85821158e-01,  7.41100550e-01,
         6.02884769e-01, -6.21020317e-01,  2.83202946e-01,
        -5.41108191e-01, -7.93362319e-01,  1.21035554e-01,
        -7.62810409e-02,  2.29791179e-01,  4.79662001e-01,
         3.76491129e-01,  7.70665705e-01, -8.89312744e-01,
        -5.46124220e-01,  9.13164318e-01, -5.48807800e-01,
         7.65241027e-01,  8.36242378e-01, -3.65581006e-01,
         3.74173164e-01, -9.79044259e-01, -2.07079500e-01,
        -8.54459584e-01,  9.54640746e-01,  3.86187255e-01,
        -3.66616279e-01,  9.43830132e-01,  6.09400809e-01,
        -2.03112558e-01,  8.93968642e-01, -5.96602261e-01,
         4.16657418e-01, -9.34030950e-01, -4.68406647e-01,
        -1.54646114e-01, -7.10093200e-01,  7.38947541e-02,
        -9.18529749e-01,  3.37105066e-01,  4.74855900e-01,
         9.05864164e-02,  2.42599443e-01,  2.85390288e-01,
        -6.81936681e-01, -9.74544346e-01,  5.67856789e-01,
         3.45974714e-01,  4.37093467e-01, -3.14449400e-01,
         6.79026484e-01, -3.10268313e-01,  8.33988965e-01,
         3.95054936e-01, -6.59922361e-01,  2.50827163e-01,
        -1.89011440e-01, -2.50988454e-01, -1.23446971e-01,
        -4.92424607e-01],
       [-6.21901512e-01,  6.24429643e-01,  8.32633793e-01,
        -7.58948803e-01, -7.16963828e-01, -7.45821476e-01,
         8.66054535e-01,  1.50421783e-01,  4.41251159e-01,
        -6.59227490e-01,  3.83523732e-01, -3.41867566e-01,
         3.11020970e-01,  9.49312389e-01, -8.58508646e-01,
         3.14223915e-01, -5.00821114e-01,  9.85596061e-01,
         9.47292924e-01, -7.33337045e-01, -5.25952801e-02,
         3.62314910e-01, -9.38518643e-01,  3.55922014e-01,
         7.49858379e-01,  2.25770921e-02, -5.00580907e-01,
        -7.91965604e-01, -2.56703079e-01,  6.58104002e-01,
        -8.42688560e-01,  4.87071812e-01, -2.35073969e-01,
        -3.96193326e-01,  3.05241257e-01,  4.09704000e-02,
        -2.89333642e-01, -1.92697048e-01,  4.20657337e-01,
        -3.71158063e-01, -2.83971310e-01,  4.50911820e-01,
         1.30733803e-01,  5.15869677e-01, -2.67525762e-01,
         8.84514332e-01, -4.53807145e-01,  7.78551251e-02,
        -1.33886307e-01,  8.39140713e-01, -4.00505185e-01,
        -1.90944135e-01,  6.38230503e-01, -2.13004112e-01,
         2.25963756e-01, -8.32621932e-01,  1.49688214e-01,
         1.43377911e-02,  6.00493550e-01,  7.51774549e-01,
         8.06727409e-01, -4.70225692e-01,  1.92963462e-02,
         5.86132765e-01],
       [ 2.93311864e-01,  9.41468179e-01, -4.77432370e-01,
        -3.17365497e-01,  8.74889851e-01,  3.93511087e-01,
        -3.64864945e-01,  3.17006618e-01, -9.00299698e-02,
        -1.78304031e-01,  3.37121278e-01,  1.56303391e-01,
        -9.32348490e-01,  7.30686545e-01,  6.04077816e-01,
         4.72409129e-01, -9.39298332e-01, -4.85395044e-02,
        -6.81973755e-01, -3.02775323e-01, -3.99275988e-01,
         8.51609230e-01,  6.12260461e-01, -9.86348450e-01,
        -8.54492307e-01,  2.90403038e-01,  9.34143066e-01,
        -6.86140954e-01,  6.25038624e-01, -2.82560199e-01,
         9.38187957e-01,  8.40444207e-01,  1.85718685e-01,
         7.76221037e-01, -6.73261359e-02,  5.95884681e-01,
         5.88508183e-03,  8.88410687e-01, -8.32140505e-01,
         8.50064754e-01,  1.65930152e-01, -5.96257038e-02,
         6.60326779e-02,  3.97803366e-01,  7.15549529e-01,
         8.56565535e-01,  6.49986088e-01, -7.02332258e-01,
         9.58385825e-01, -1.25305519e-01,  4.46380228e-02,
        -3.13752115e-01,  4.92518954e-02,  8.82653236e-01,
         7.45638490e-01, -1.18742645e-01,  3.70352358e-01,
        -4.72362250e-01, -1.30475992e-02, -7.34928697e-02,
         1.11436293e-01,  1.52774751e-01, -3.18915218e-01,
        -2.95972586e-01],
       [ 3.56050819e-01,  2.74222434e-01,  5.24381697e-01,
         8.24268758e-01, -9.95698214e-01, -1.50029540e-01,
         1.39565498e-01,  9.49628949e-01,  9.84267443e-02,
        -3.74835730e-02,  5.49378656e-02,  7.43868202e-02,
        -2.41982251e-01,  9.19180930e-01,  6.07210577e-01,
         9.19227958e-01,  2.64397979e-01, -9.93691921e-01,
         4.47319448e-01, -7.15706348e-01,  8.88875842e-01,
        -9.92149353e-01, -8.03951800e-01,  7.98179328e-01,
         3.25577766e-01, -5.24853885e-01, -1.84861034e-01,
        -4.57388520e-01,  2.97175236e-02,  6.87647700e-01,
        -3.55716139e-01, -8.16279888e-01,  4.55474742e-02,
        -5.38522243e-01,  8.40953946e-01, -9.76795733e-01,
         5.10387838e-01, -3.10760625e-02,  9.52187598e-01,
        -3.67191315e-01,  4.56883997e-01, -7.81090617e-01,
        -2.05547586e-01, -8.41900706e-01,  3.47166091e-01,
         1.62572205e-01,  5.76677382e-01,  2.41522163e-01,
         6.63981557e-01,  5.20551860e-01, -6.90771043e-01,
         3.55103910e-01, -7.82698929e-01, -6.44111514e-01,
        -1.46256099e-02, -4.20802534e-01, -1.60549417e-01,
        -1.53204789e-02,  1.62040681e-01, -4.58160639e-01,
        -2.29428098e-01, -6.48613214e-01, -4.19774443e-01,
         3.27387005e-01]], dtype=float32), array([-0.40091056,  0.5849371 , -0.20658626, -0.8024816 , -0.14179882,
       -0.99718916, -0.9965888 , -0.24740258, -0.8184838 , -0.7339465 ,
       -0.17668146,  0.04460465,  0.62362885, -0.36995673, -0.12383869,
        0.94204867, -0.9663012 ,  0.21091689, -0.29075378, -0.7658136 ,
        0.6995434 ,  0.8750242 , -0.22754999,  0.3160575 ,  0.3493207 ,
        0.22459032, -0.9277421 , -0.6332887 ,  0.5961129 , -0.46015468,
       -0.5122536 , -0.5464937 , -0.2996538 , -0.61328506, -0.44658384,
        0.07720435, -0.62915635,  0.56738704, -0.4579473 , -0.728611  ,
       -0.8512893 ,  0.81655335,  0.6818685 , -0.9072721 , -0.3957521 ,
        0.422619  ,  0.43890908,  0.04541394, -0.24674937, -0.3669686 ,
        0.740861  , -0.25646618,  0.08084367,  0.75981134,  0.03854941,
        0.26258677,  0.974227  , -0.15909451, -0.11522763, -0.1120608 ,
        0.08747057,  0.58077556,  0.76324314, -0.66365   ], dtype=float32), array([[-0.7242946 ,  0.31366184, -0.21358702, ..., -0.07986803,
         0.22966269,  0.36231783],
       [-0.17519596, -0.4782817 , -0.9932419 , ...,  0.3579548 ,
         0.654074  ,  0.8907302 ],
       [ 0.49941966,  0.26114166, -0.7498377 , ...,  0.08817184,
        -0.71941733, -0.17297733],
       ...,
       [ 0.2463006 ,  0.92392397,  0.11967505, ..., -0.54770404,
         0.91750467, -0.25683513],
       [-0.8151002 , -0.80157936, -0.46065602, ...,  0.7943553 ,
        -0.13374576, -0.65955764],
       [ 0.8717193 , -0.39484277, -0.08860645, ...,  0.00668988,
         0.37483907, -0.7007392 ]], dtype=float32), array([-0.49281693, -0.7029648 ,  0.17879325,  0.9369479 , -0.549576  ,
       -0.5300441 , -0.51096237, -0.96522367, -0.32529584,  0.76334774,
        0.4685312 , -0.7836479 ,  0.90722483, -0.6258669 , -0.50722116,
        0.39937782,  0.22751297,  0.63690287,  0.85752136, -0.6607738 ,
        0.32830575, -0.08517685, -0.08086689, -0.27773806,  0.84220564,
       -0.20336396, -0.60067433, -0.68673444, -0.02384128, -0.19835152,
        0.09517963, -0.39803928, -0.5650732 ,  0.56655174,  0.16396637,
       -0.4453837 , -0.49337256,  0.02013715, -0.6833284 , -0.18978228,
       -0.14304103,  0.18330082,  0.4045798 , -0.49299803,  0.951868  ,
        0.89415413,  0.627271  ,  0.44714224,  0.75407237, -0.5468039 ,
       -0.95824623, -0.16667946,  0.96572495,  0.6406371 , -0.6150234 ,
        0.93247676,  0.25849676, -0.17964193, -0.4791396 ,  0.76317   ,
       -0.0852265 , -0.02686959, -0.289917  ,  0.68527395], dtype=float32), array([[ 0.41695035, -0.90083134,  0.37334254],
       [ 0.87856144,  0.166294  , -0.9813672 ],
       [-0.0386306 , -0.06163063, -0.45807683],
       ...,
       [ 0.77261865, -0.32323477,  0.6077001 ],
       [ 0.38931093,  0.23425996,  0.508576  ],
       [-0.47950515, -0.39445072,  0.78374094]], dtype=float32), array([-0.9002076 , -0.80231416, -0.00823856], dtype=float32)]
