[array([[ 0.27371034, -0.1756636 , -0.82593536,  0.69189954,  0.94134766,
        -0.601933  , -0.01037542,  0.23076637,  0.6173111 ,  0.10148606,
         0.23787898,  0.04673168, -0.01447892, -0.6012078 ,  0.7970781 ,
         0.03881369,  0.08338471,  0.8170503 , -0.8063531 , -0.79883283,
         0.68696076,  0.7177932 , -0.23526599, -0.8260175 ,  0.72829413,
        -0.06931442,  0.65518934, -0.6201153 , -0.41518304,  0.26486522,
         0.4165663 , -0.748634  ,  0.24838147, -0.8939126 ,  0.45250782,
         0.1528987 , -0.06429239, -0.10512537, -0.02868735, -0.5032846 ,
         0.6310491 ,  0.14451034,  0.48540974, -0.9242188 , -0.71092   ,
        -0.26632807, -0.22204874, -0.56851715,  0.28213957, -0.9223847 ,
        -0.8522631 , -0.3744884 ,  0.81989366, -0.1738339 ,  0.46088284,
        -0.00594453,  0.59161097, -0.03457851,  0.10890147,  0.9144128 ,
        -0.6973866 , -0.5680798 ,  0.55478513, -0.7674925 ],
       [ 0.1557857 ,  0.5370293 , -0.4826974 ,  0.280001  , -0.50025254,
         0.0410606 , -0.37612224,  0.7722067 , -0.27877077,  0.14018762,
        -0.6177365 , -0.3072837 ,  0.649409  ,  0.32141325,  0.44801602,
        -0.5716628 ,  0.12531005,  0.56791973,  0.5355139 ,  0.04339889,
        -0.94216967,  0.9599494 ,  0.46780315,  0.53556967,  0.56252927,
        -0.8116779 , -0.5762008 ,  0.8985759 ,  0.24729672,  0.3225844 ,
        -0.28660557,  0.8785945 ,  0.08539366, -0.6080658 ,  0.84635776,
         0.9828039 , -0.35695958,  0.5641743 ,  0.89104694,  0.2683998 ,
        -0.5090956 , -0.31718034, -0.5098219 , -0.7100347 ,  0.27189815,
         0.07173137,  0.8097633 , -0.88500035,  0.16939658,  0.0755872 ,
         0.41089195,  0.70844823, -0.63498455, -0.49265695, -0.8853959 ,
         0.74546456,  0.06183434,  0.02871662, -0.8126549 , -0.24773428,
        -0.27569634,  0.56781775, -0.70282906, -0.9324833 ],
       [ 0.51634717, -0.53781587,  0.1347451 ,  0.79366773, -0.44363877,
         0.3910224 , -0.9073263 , -0.20347053,  0.15763243,  0.77820826,
        -0.6735373 , -0.37090483,  0.3613939 ,  0.3397674 , -0.434327  ,
        -0.44355518, -0.17139046,  0.08605604, -0.41750866,  0.8613744 ,
        -0.9224931 , -0.41504192,  0.36252156,  0.43536332, -0.37364054,
        -0.6425477 ,  0.13854145,  0.24090813, -0.94233215, -0.01978739,
        -0.742458  ,  0.6867627 , -0.78250444,  0.61092883,  0.44470838,
        -0.45561746,  0.45568395,  0.22942899, -0.9428729 ,  0.4743525 ,
        -0.7455481 , -0.90092   ,  0.7916528 ,  0.4796069 ,  0.3762012 ,
        -0.5737977 , -0.00437849, -0.8898541 , -0.22674422,  0.05579314,
        -0.80379057,  0.13812427, -0.44055235, -0.35319272, -0.19205993,
         0.41584513,  0.16261649,  0.5490094 , -0.74598736,  0.7736594 ,
        -0.16598924,  0.5241985 , -0.27825233, -0.88456273],
       [-0.6663825 ,  0.19313276, -0.05500508,  0.68451196,  0.91967016,
         0.27558184, -0.894157  ,  0.55127114, -0.22280335, -0.6107981 ,
         0.41117415,  0.99551153,  0.8680655 , -0.09264971, -0.69805986,
        -0.18654662, -0.9597694 , -0.53937393, -0.38880247, -0.7940449 ,
        -0.3297104 , -0.11735716, -0.8751079 , -0.1673594 ,  0.34783947,
        -0.32944232,  0.2000067 , -0.30144876, -0.3114313 ,  0.2563956 ,
        -0.574605  , -0.70152146,  0.8092881 , -0.36522037,  0.7602434 ,
        -0.21605332, -0.8424377 ,  0.38362893, -0.6515794 ,  0.13236065,
         0.52752465, -0.784084  , -0.7088413 , -0.56858647, -0.0698833 ,
        -0.63417375, -0.449261  ,  0.99713856, -0.519499  ,  0.96837646,
        -0.4927742 , -0.45900556,  0.40168816, -0.6659707 , -0.17129532,
        -0.16523616, -0.63981533,  0.01528806, -0.23590952, -0.23478222,
         0.4052004 ,  0.8837132 ,  0.92397875,  0.1362373 ],
       [-0.8432741 , -0.05650433, -0.03152658,  0.6329889 ,  0.50659156,
         0.12963817,  0.9747233 ,  0.5383146 ,  0.21515653, -0.9378089 ,
         0.9686518 , -0.7195776 ,  0.83206254, -0.9453463 , -0.11723522,
         0.25983953, -0.8381208 ,  0.81848943,  0.9781837 ,  0.6047407 ,
        -0.9342023 ,  0.5652719 , -0.75886685,  0.10745203, -0.0954478 ,
         0.90976226, -0.13908409, -0.6189453 , -0.01596081,  0.2637938 ,
        -0.16418011, -0.17292033,  0.03891144,  0.83913916,  0.03097709,
         0.7001704 ,  0.84088635,  0.7236077 ,  0.62688565, -0.8593852 ,
        -0.5699044 , -0.94627684,  0.6063782 , -0.39017513,  0.0042658 ,
        -0.9829912 , -0.4539958 , -0.249652  , -0.6404566 , -0.1133668 ,
         0.49183768,  0.9419345 ,  0.06480698,  0.4984478 , -0.78140557,
         0.2627216 , -0.10272052, -0.05720815,  0.16733266,  0.5566573 ,
        -0.10250831,  0.20231071, -0.20104429, -0.30064434],
       [-0.61216724,  0.42008445,  0.75515705,  0.52645177, -0.36420372,
         0.35588843, -0.8231326 , -0.8118683 ,  0.5436243 , -0.5190626 ,
        -0.03458994, -0.99299914,  0.221611  ,  0.0642144 , -0.9548424 ,
        -0.58345485, -0.7148435 , -0.39226323, -0.37178627,  0.43388557,
         0.76332486,  0.6885889 ,  0.8515013 ,  0.66145074,  0.36802444,
         0.4755927 ,  0.897176  ,  0.6827902 ,  0.9897386 , -0.27381676,
        -0.49342018,  0.5165723 , -0.697514  ,  0.500948  , -0.05707693,
        -0.32366842,  0.6063588 , -0.26300994,  0.17857008, -0.61383486,
         0.210707  , -0.31166625,  0.36232087,  0.29969475, -0.85360235,
         0.47290006,  0.7478743 ,  0.5026721 ,  0.11603138, -0.7161746 ,
        -0.20568907, -0.8803592 , -0.6960233 , -0.8527988 , -0.05071927,
         0.80095434,  0.6610366 ,  0.18221118, -0.22681235,  0.18096563,
         0.705442  , -0.53977317,  0.62658584,  0.8195854 ],
       [ 0.23300093,  0.59348625,  0.3594914 ,  0.32521808,  0.48174378,
         0.7442178 , -0.49660188,  0.31146076, -0.5328482 , -0.03503296,
         0.24235977, -0.33122826,  0.72461885,  0.04667915,  0.27961782,
        -0.44716555, -0.79972625,  0.6597832 ,  0.05236038,  0.53858405,
         0.9468023 ,  0.47406578, -0.6282663 , -0.35448578, -0.19214806,
         0.5087957 ,  0.29277152, -0.42362118,  0.52156794, -0.8085313 ,
         0.432949  ,  0.09980039, -0.8134763 ,  0.6944731 , -0.19421907,
        -0.599144  , -0.8074612 , -0.65195936,  0.5384328 , -0.7097385 ,
         0.37643582,  0.2659538 ,  0.28614295,  0.5930469 ,  0.73662245,
        -0.70242107, -0.34225655, -0.4607053 , -0.15567279, -0.74723935,
        -0.9861479 , -0.01806082, -0.8017872 , -0.98769957,  0.09145909,
         0.14963162,  0.29887998,  0.5084378 , -0.62902635, -0.41089848,
         0.5346653 , -0.07703626,  0.92100143,  0.0637475 ],
       [ 0.7221491 ,  0.05807031,  0.12690045, -0.49853045,  0.4189705 ,
         0.83038116,  0.905099  ,  0.21314894, -0.5949706 , -0.7776352 ,
        -0.17170024, -0.3223663 , -0.37498927,  0.45174897, -0.18401003,
         0.23022564,  0.11849339,  0.92943996,  0.5065893 , -0.8199694 ,
         0.7901113 , -0.9606795 ,  0.55618674, -0.3126215 , -0.9195357 ,
         0.0303562 , -0.7602865 , -0.94232416, -0.00512798,  0.29339263,
         0.6196441 , -0.6495162 , -0.04774018,  0.44179097,  0.42049262,
         0.85605145,  0.94378203, -0.9345812 , -0.45116648, -0.09268592,
         0.69850165,  0.0189698 , -0.5680007 , -0.29054657,  0.34658375,
         0.9029669 , -0.5101085 ,  0.8722108 ,  0.68306744, -0.38219875,
         0.2286292 , -0.02858016,  0.7441592 , -0.6061823 , -0.87677884,
        -0.8071874 ,  0.13279964, -0.6625611 ,  0.6461522 ,  0.3706995 ,
         0.0774735 , -0.6199799 , -0.15638174,  0.9393726 ],
       [ 0.56603056,  0.9146118 , -0.0791226 ,  0.9511718 ,  0.04002348,
         0.7119391 , -0.24624191, -0.6930898 , -0.11774018, -0.32418835,
        -0.666347  ,  0.8691465 ,  0.8299897 ,  0.6839626 , -0.21323328,
         0.34219822,  0.99345535, -0.8877092 ,  0.03716941,  0.17227991,
         0.0206828 ,  0.9787374 ,  0.17185517, -0.5413055 , -0.95740926,
         0.375527  ,  0.97304   ,  0.1691349 , -0.15507112,  0.49199286,
         0.4579265 ,  0.3493082 , -0.46994033,  0.7053678 ,  0.714057  ,
        -0.910291  , -0.52165705, -0.9396352 , -0.15428823,  0.44676003,
         0.42672223,  0.9284529 ,  0.24353458, -0.34413683, -0.02614406,
        -0.8421792 ,  0.45177242,  0.46763748,  0.62161326, -0.2521957 ,
         0.23807764,  0.36832058,  0.79677457,  0.92933404,  0.10873812,
        -0.83917475, -0.17546512, -0.64276016,  0.44689712,  0.20418173,
         0.20489585,  0.39055184,  0.51188576, -0.7353485 ],
       [-0.26108164,  0.38669035, -0.6405335 , -0.9574647 , -0.11753107,
        -0.6744091 ,  0.4267936 ,  0.26557946, -0.87729394, -0.610564  ,
        -0.4201908 , -0.2869424 , -0.9590362 , -0.29507387, -0.18110415,
        -0.6853753 ,  0.7515545 , -0.09075426, -0.7487057 , -0.08964711,
         0.15917395,  0.3860817 , -0.6723736 , -0.5431454 , -0.33311224,
        -0.04544266, -0.5507848 ,  0.7516184 ,  0.00571081,  0.8373214 ,
         0.08048307,  0.72155917,  0.9033269 , -0.26411694,  0.36616406,
        -0.03769755,  0.07824593,  0.08457638,  0.84652185,  0.00314545,
         0.4152961 , -0.5553979 ,  0.44597355, -0.8414073 ,  0.07567478,
        -0.29363897,  0.3489134 , -0.95782983, -0.84548646, -0.5313168 ,
         0.23826389,  0.6061693 ,  0.5557305 , -0.5159274 , -0.7587043 ,
         0.99959624,  0.22769833, -0.45393166,  0.25983554,  0.88960785,
         0.3478645 , -0.75912315, -0.00931767, -0.7853286 ]],
      dtype=float32), array([-0.8008774 ,  0.88881165,  0.7945085 , -0.9154427 ,  0.86762494,
        0.33510035,  0.39858916,  0.839282  ,  0.3710716 ,  0.44397122,
        0.29969737, -0.3349189 , -0.03570849,  0.908123  , -0.96571684,
       -0.20357043,  0.21133305,  0.49308527, -0.6367234 ,  0.37015846,
       -0.8589333 ,  0.45944944, -0.86264855,  0.7107458 , -0.8664975 ,
       -0.40307066, -0.5718986 , -0.5300249 ,  0.6687421 ,  0.94755566,
       -0.21826726, -0.73546225,  0.5040374 ,  0.8927896 ,  0.7120011 ,
        0.91445816, -0.17145287,  0.72130716, -0.5247134 ,  0.00882444,
       -0.75323623, -0.80248517,  0.01019953,  0.04034216,  0.12792517,
        0.66554576, -0.7851068 ,  0.01588716, -0.7311216 ,  0.87928134,
        0.15896738,  0.5266942 , -0.71491057,  0.31282714, -0.7237211 ,
       -0.6958567 , -0.5029676 , -0.7094852 , -0.8604295 ,  0.37969035,
       -0.15880403,  0.0274501 , -0.6223807 , -0.18074335], dtype=float32), array([[ 0.1867545 ,  0.6788712 , -0.5974661 , ..., -0.7172533 ,
        -0.39290813, -0.26694423],
       [-0.24497223, -0.00305432, -0.58726513, ...,  0.12976629,
        -0.6856551 , -0.61452895],
       [ 0.4317016 ,  0.4982342 ,  0.42591634, ...,  0.81863934,
        -0.976312  ,  0.43867558],
       ...,
       [-0.7162664 ,  0.9984449 , -0.5552296 , ..., -0.9757089 ,
        -0.35291815,  0.50802547],
       [ 0.43547428,  0.026968  , -0.04322043, ..., -0.24190919,
        -0.9431297 ,  0.59659404],
       [ 0.87769806, -0.44790736,  0.9021799 , ...,  0.35537222,
        -0.71220016,  0.00518371]], dtype=float32), array([-0.05121177, -0.23202947,  0.43452758,  0.9295701 ,  0.8388378 ,
       -0.26076815,  0.50221705,  0.9045951 ,  0.19396533,  0.59890205,
        0.10648137, -0.5114325 , -0.47997692, -0.53625435, -0.94084245,
        0.04497928, -0.78286475, -0.7233965 , -0.22503182,  0.35395175,
        0.7618421 ,  0.9730507 , -0.8469245 ,  0.4459029 , -0.15460335,
       -0.3962109 ,  0.05006615, -0.29351124, -0.360189  , -0.7833838 ,
       -0.03131784, -0.79179   , -0.86699545,  0.23605116, -0.79774624,
        0.1993014 ,  0.5805766 , -0.7316211 ,  0.9397762 , -0.85078007,
        0.12170064,  0.5225111 ,  0.20775779, -0.32964352,  0.9239957 ,
       -0.83879226, -0.01224953, -0.34642196,  0.15605031, -0.8219232 ,
        0.75725484, -0.9017771 ,  0.17740448, -0.03266548, -0.85546994,
        0.7069239 , -0.7326457 ,  0.02169239, -0.54574823, -0.40107   ,
       -0.7349308 ,  0.36060205,  0.0430852 , -0.70384777], dtype=float32), array([[ 0.438405  , -0.37062714, -0.0568556 ],
       [-0.32372025, -0.8114664 , -0.46928012],
       [-0.35603118,  0.3629583 ,  0.37455186],
       ...,
       [ 0.7400127 ,  0.47925872,  0.06307644],
       [-0.9152241 , -0.6639667 , -0.5944452 ],
       [-0.22559841, -0.33663914,  0.9736882 ]], dtype=float32), array([ 0.6163615 , -0.748054  ,  0.15335104], dtype=float32)]
